version https://git-lfs.github.com/spec/v1
oid sha256:ca7f61e65698aeb407e1b32133115392708055c1dc719789378f3c96bcb2a0c7
size 2604581
